[1] "Cercopithecus_solatus_kmers52_pm090_lda75000_fs0.00095.dat"
[1] "Dimension du tableau:" "105529"                "2"                    
[1] "Nombre de familles:" "969"                
[1] "Nombre de famille de taille < 100:" "955"                               
[1] "Nombre de famille de taille > 100:" "14"                                
[1] "Petites familles: cluster associé au nombre de séquences:"
    NumCluster NbSeq
8           16     2
26          35     2
29          38     2
31          40     2
41          51     2
43          53     2
47          57     2
49          59     2
62          72     2
70          81     2
76          88     2
93         105     2
94         106     2
106        118     2
108        120     2
109        121     2
114        126     2
115        127     2
116        128     2
121        133     2
134        146     2
136        148     2
148        160     2
151        163     2
156        168     2
158        170     2
162        174     2
172        185     2
174        187     2
178        191     2
179        192     2
181        194     2
188        201     2
190        203     2
197        210     2
199        212     2
200        213     2
210        223     2
215        228     2
217        230     2
236        249     2
238        251     2
260        273     2
264        277     2
270        283     2
273        286     2
278        291     2
279        292     2
292        305     2
298        311     2
302        315     2
303        316     2
304        317     2
311        324     2
313        326     2
315        328     2
316        329     2
318        331     2
326        339     2
340        353     2
343        356     2
349        362     2
351        364     2
353        366     2
354        367     2
356        369     2
358        371     2
359        372     2
360        373     2
368        381     2
379        392     2
384        397     2
386        399     2
389        402     2
391        404     2
392        405     2
393        406     2
399        412     2
401        414     2
403        416     2
408        421     2
411        424     2
416        429     2
417        430     2
423        436     2
426        439     2
427        440     2
434        447     2
446        459     2
449        462     2
463        476     2
464        477     2
466        479     2
474        487     2
488        501     2
489        502     2
490        503     2
491        504     2
492        505     2
493        506     2
495        508     2
497        510     2
498        511     2
499        512     2
501        514     2
502        515     2
503        516     2
504        517     2
510        523     2
516        529     2
524        537     2
525        538     2
531        544     2
536        549     2
539        552     2
541        554     2
542        555     2
543        556     2
551        564     2
556        569     2
562        575     2
563        576     2
567        580     2
568        581     2
569        582     2
577        590     2
584        597     2
586        599     2
597        610     2
599        612     2
611        624     2
613        626     2
619        632     2
625        638     2
635        648     2
642        655     2
645        658     2
655        668     2
662        675     2
664        677     2
665        678     2
667        680     2
669        682     2
674        687     2
676        689     2
680        693     2
682        695     2
684        697     2
689        702     2
691        704     2
696        709     2
698        711     2
704        717     2
705        718     2
711        724     2
714        727     2
715        728     2
716        729     2
718        731     2
720        733     2
732        745     2
733        746     2
735        748     2
746        759     2
747        760     2
748        761     2
749        762     2
750        763     2
753        766     2
763        776     2
767        780     2
776        790     2
786        800     2
787        801     2
789        803     2
791        805     2
794        808     2
795        809     2
802        816     2
804        818     2
805        819     2
807        821     2
811        825     2
813        827     2
816        830     2
827        841     2
840        854     2
843        857     2
844        858     2
845        859     2
849        863     2
864        878     2
872        886     2
882        896     2
890        904     2
891        905     2
892        906     2
894        908     2
895        909     2
896        910     2
899        913     2
900        914     2
901        915     2
907        921     2
908        922     2
914        928     2
918        932     2
920        934     2
921        935     2
922        936     2
927        941     2
929        943     2
932        946     2
934        948     2
935        949     2
938        952     2
940        954     2
941        955     2
943        957     2
945        959     2
948        962     2
949        963     2
950        964     2
954        968     2
7           15     3
13          21     3
14          22     3
61          71     3
68          79     3
78          90     3
86          98     3
92         104     3
98         110     3
100        112     3
104        116     3
105        117     3
113        125     3
117        129     3
120        132     3
128        140     3
137        149     3
141        153     3
145        157     3
146        158     3
153        165     3
157        169     3
159        171     3
160        172     3
163        175     3
173        186     3
182        195     3
193        206     3
202        215     3
204        217     3
213        226     3
219        232     3
229        242     3
250        263     3
256        269     3
258        271     3
269        282     3
271        284     3
272        285     3
306        319     3
307        320     3
308        321     3
309        322     3
312        325     3
327        340     3
333        346     3
335        348     3
337        350     3
347        360     3
357        370     3
362        375     3
363        376     3
365        378     3
366        379     3
374        387     3
375        388     3
376        389     3
388        401     3
395        408     3
396        409     3
397        410     3
404        417     3
405        418     3
406        419     3
407        420     3
409        422     3
410        423     3
414        427     3
421        434     3
425        438     3
437        450     3
448        461     3
450        463     3
456        469     3
460        473     3
461        474     3
468        481     3
470        483     3
473        486     3
480        493     3
482        495     3
496        509     3
509        522     3
511        524     3
515        528     3
517        530     3
526        539     3
534        547     3
546        559     3
548        561     3
557        570     3
564        577     3
571        584     3
576        589     3
588        601     3
591        604     3
594        607     3
596        609     3
601        614     3
620        633     3
621        634     3
629        642     3
630        643     3
634        647     3
641        654     3
644        657     3
651        664     3
658        671     3
668        681     3
678        691     3
683        696     3
697        710     3
710        723     3
712        725     3
713        726     3
725        738     3
727        740     3
741        754     3
743        756     3
744        757     3
745        758     3
751        764     3
755        768     3
766        779     3
768        781     3
769        782     3
774        788     3
785        799     3
793        807     3
798        812     3
800        814     3
801        815     3
803        817     3
809        823     3
815        829     3
826        840     3
834        848     3
836        850     3
839        853     3
841        855     3
842        856     3
846        860     3
847        861     3
848        862     3
851        865     3
855        869     3
858        872     3
859        873     3
861        875     3
862        876     3
863        877     3
866        880     3
871        885     3
874        888     3
886        900     3
897        911     3
898        912     3
903        917     3
906        920     3
912        926     3
916        930     3
917        931     3
926        940     3
931        945     3
936        950     3
937        951     3
942        956     3
944        958     3
951        965     3
952        966     3
955        969     3
22          31     4
25          34     4
40          50     4
51          61     4
75          87     4
82          94     4
111        123     4
131        143     4
139        151     4
147        159     4
152        164     4
154        166     4
164        176     4
170        183     4
171        184     4
175        188     4
177        190     4
192        205     4
194        207     4
203        216     4
207        220     4
220        233     4
228        241     4
233        246     4
237        250     4
241        254     4
248        261     4
253        266     4
266        279     4
268        281     4
275        288     4
276        289     4
282        295     4
310        323     4
320        333     4
325        338     4
328        341     4
339        352     4
346        359     4
348        361     4
390        403     4
394        407     4
431        444     4
435        448     4
444        457     4
445        458     4
451        464     4
458        471     4
459        472     4
462        475     4
478        491     4
487        500     4
500        513     4
519        532     4
529        542     4
532        545     4
538        551     4
555        568     4
559        572     4
565        578     4
575        588     4
580        593     4
582        595     4
585        598     4
614        627     4
616        629     4
617        630     4
618        631     4
640        653     4
663        676     4
675        688     4
679        692     4
699        712     4
703        716     4
706        719     4
719        732     4
722        735     4
736        749     4
761        774     4
765        778     4
773        787     4
806        820     4
810        824     4
814        828     4
823        837     4
824        838     4
828        842     4
831        845     4
835        849     4
837        851     4
854        868     4
857        871     4
860        874     4
869        883     4
870        884     4
876        890     4
877        891     4
883        897     4
893        907     4
910        924     4
911        925     4
915        929     4
925        939     4
928        942     4
930        944     4
933        947     4
939        953     4
3           11     5
12          20     5
23          32     5
32          41     5
84          96     5
87          99     5
97         109     5
102        114     5
126        138     5
161        173     5
195        208     5
218        231     5
234        247     5
243        256     5
254        267     5
261        274     5
262        275     5
291        304     5
299        312     5
322        335     5
324        337     5
329        342     5
330        343     5
342        355     5
345        358     5
352        365     5
364        377     5
372        385     5
385        398     5
419        432     5
422        435     5
440        453     5
453        466     5
455        468     5
465        478     5
508        521     5
523        536     5
527        540     5
544        557     5
553        566     5
561        574     5
587        600     5
592        605     5
603        616     5
612        625     5
632        645     5
637        650     5
638        651     5
686        699     5
688        701     5
692        705     5
700        713     5
709        722     5
731        744     5
740        753     5
752        765     5
783        797     5
788        802     5
792        806     5
796        810     5
797        811     5
812        826     5
821        835     5
822        836     5
832        846     5
838        852     5
875        889     5
879        893     5
880        894     5
881        895     5
884        898     5
902        916     5
909        923     5
913        927     5
919        933     5
923        937     5
924        938     5
947        961     5
953        967     5
17          26     6
27          36     6
28          37     6
45          55     6
53          63     6
55          65     6
58          68     6
71          83     6
74          86     6
119        131     6
124        136     6
130        142     6
138        150     6
186        199     6
187        200     6
196        209     6
211        224     6
214        227     6
222        235     6
277        290     6
286        299     6
288        301     6
289        302     6
350        363     6
367        380     6
373        386     6
378        391     6
415        428     6
430        443     6
472        485     6
477        490     6
494        507     6
514        527     6
537        550     6
590        603     6
595        608     6
605        618     6
622        635     6
648        661     6
649        662     6
652        665     6
657        670     6
666        679     6
690        703     6
694        707     6
707        720     6
721        734     6
723        736     6
730        743     6
738        751     6
760        773     6
771        784     6
778        792     6
779        793     6
780        794     6
781        795     6
782        796     6
799        813     6
817        831     6
820        834     6
833        847     6
853        867     6
856        870     6
865        879     6
60          70     7
65          76     7
77          89     7
88         100     7
90         102     7
99         111     7
112        124     7
132        144     7
142        154     7
144        156     7
208        221     7
224        237     7
230        243     7
259        272     7
265        278     7
301        314     7
402        415     7
420        433     7
485        498     7
507        520     7
521        534     7
528        541     7
530        543     7
540        553     7
583        596     7
589        602     7
602        615     7
609        622     7
624        637     7
661        674     7
672        685     7
687        700     7
702        715     7
724        737     7
734        747     7
758        771     7
759        772     7
772        785     7
790        804     7
818        832     7
825        839     7
830        844     7
850        864     7
852        866     7
867        881     7
889        903     7
20          29     8
42          52     8
69          80     8
83          95     8
133        145     8
150        162     8
155        167     8
216        229     8
226        239     8
227        240     8
232        245     8
235        248     8
239        252     8
355        368     8
412        425     8
433        446     8
439        452     8
486        499     8
570        583     8
572        585     8
579        592     8
581        594     8
615        628     8
626        639     8
627        640     8
639        652     8
643        656     8
670        683     8
677        690     8
681        694     8
726        739     8
728        741     8
756        769     8
770        783     8
784        798     8
885        899     8
905        919     8
19          28     9
81          93     9
135        147     9
143        155     9
184        197     9
240        253     9
251        264     9
252        265     9
296        309     9
336        349     9
370        383     9
383        396     9
400        413     9
484        497     9
505        518     9
512        525     9
513        526     9
550        563     9
578        591     9
628        641     9
633        646     9
660        673     9
685        698     9
695        708     9
737        750     9
21          30    10
48          58    10
54          64    10
72          84    10
79          91    10
95         107    10
180        193    10
206        219    10
263        276    10
267        280    10
274        287    10
297        310    10
305        318    10
344        357    10
387        400    10
398        411    10
432        445    10
443        456    10
457        470    10
535        548    10
545        558    10
549        562    10
574        587    10
593        606    10
607        620    10
888        902    10
11          19    11
16          25    11
30          39    11
122        134    11
167        180    11
209        222    11
231        244    11
283        296    11
314        327    11
317        330    11
442        455    11
506        519    11
560        573    11
573        586    11
623        636    11
739        752    11
762        775    11
904        918    11
946        960    11
44          54    12
67          78    12
257        270    12
300        313    12
321        334    12
361        374    12
428        441    12
631        644    12
636        649    12
659        672    12
673        686    12
764        777    12
775        789    12
868        882    12
37          47    13
221        234    13
249        262    13
331        344    13
332        345    13
413        426    13
447        460    13
471        484    13
608        621    13
754        767    13
39          49    14
57          67    14
85          97    14
103        115    14
110        122    14
123        135    14
129        141    14
168        181    14
176        189    14
198        211    14
205        218    14
242        255    14
438        451    14
452        465    14
518        531    14
554        567    14
650        663    14
653        666    14
654        667    14
701        714    14
717        730    14
5           13    15
35          44    15
73          85    15
255        268    15
334        347    15
436        449    15
520        533    15
646        659    15
59          69    16
89         101    16
91         103    16
166        179    16
189        202    16
547        560    16
566        579    16
647        660    16
10          18    17
169        182    17
183        196    17
247        260    17
369        382    17
522        535    17
46          56    18
80          92    18
96         108    18
223        236    18
598        611    18
52          62    19
140        152    19
418        431    19
454        467    19
475        488    19
481        494    19
742        755    19
34          43    20
64          75    20
185        198    20
281        294    20
285        298    20
429        442    20
808        822    20
125        137    21
165        178    21
191        204    21
606        619    21
887        901    21
15          24    22
118        130    22
201        214    22
319        332    22
323        336    22
604        617    22
476        489    23
552        565    23
600        613    23
284        297    24
294        307    24
338        351    24
610        623    24
371        384    25
382        395    25
483        496    25
878        892    25
280        293    26
380        393    26
381        394    26
656        669    26
693        706    26
66          77    27
107        119    27
36          45    28
50          60    28
341        354    28
533        546    28
1            8    29
245        258    29
246        259    29
244        257    30
467        480    30
9           17    31
287        300    31
293        306    31
63          74    32
479        492    32
708        721    32
424        437    33
127        139    34
441        454    34
777        791    34
377        390    38
24          33    39
149        161    39
290        303    39
829        843    39
18          27    42
101        113    47
225        238    50
295        308    50
819        833    50
38          48    53
671        684    55
873        887    55
729        742    58
212        225    59
469        482    60
558        571    60
6           14    64
56          66    68
4           12    75
33          42    88
2           10    91
757        770    99
[1] "Nombre total de séquences dans les petites familles:"
[2] "7372"                                                
[1] "Pourcentage de séquences dans les petites familles:"
[2] "6.98575746951075"                                   
[1] "Pourcentage de séquences dans les grandes familles:"
[2] "93.0142425304893"                                   
null device 
          1 
