1 3852 14.180000
1 3852 14.490000
1 3852 14.810000
1 3852 15.440000
1 3852 15.490000
1 3852 15.500000
1 3852 15.890000
1 3852 16.060000
1 3852 16.080000
1 3852 16.080000
1 3852 16.310000
1 3852 16.450000
1 3852 16.540000
11 6725 25.000000
11 6725 26.090000
11 6725 26.470000
11 6725 26.470000
11 6725 26.620000
11 6725 26.630000
11 6725 26.790000
11 6725 26.800000
11 6725 26.880000
11 6725 26.880000
11 6725 26.950000
11 6725 27.060000
11 6725 27.220000
2 3084 8.180000
2 3084 8.190000
2 3084 8.280000
2 3084 8.330000
2 3084 8.330000
2 3084 8.440000
2 3084 8.440000
2 3084 8.440000
2 3084 8.550000
2 3084 8.610000
2 3084 8.610000
2 3084 8.720000
2 3084 9.330000
21 1681 21.020000
21 1681 22.150000
21 1681 22.580000
21 1681 22.700000
21 1681 22.750000
21 1681 22.780000
21 1681 22.930000
21 1681 22.930000
21 1681 22.940000
21 1681 23.210000
21 1681 23.390000
21 1681 23.870000
21 1681 24.240000
32 2965 24.500000
32 2965 25.000000
32 2965 25.000000
32 2965 25.150000
32 2965 25.310000
32 2965 25.600000
32 2965 25.710000
32 2965 26.040000
32 2965 26.140000
32 2965 26.160000
32 2965 26.170000
32 2965 26.170000
32 2965 26.710000
5 6551 21.680000
5 6551 21.820000
5 6551 22.160000
5 6551 22.220000
5 6551 22.360000
5 6551 22.370000
5 6551 22.580000
5 6551 22.580000
5 6551 22.580000
5 6551 23.170000
5 6551 23.420000
5 6551 23.420000
5 6551 23.780000
6 4437 22.090000
6 4437 22.220000
6 4437 22.350000
6 4437 22.500000
6 4437 22.750000
6 4437 22.780000
6 4437 22.970000
6 4437 23.030000
6 4437 23.030000
6 4437 23.080000
6 4437 23.170000
6 4437 23.720000
6 4437 25.000000
8 1601 15.380000
8 1601 15.530000
8 1601 15.700000
8 1601 15.700000
8 1601 15.790000
8 1601 15.850000
8 1601 15.950000
8 1601 15.980000
8 1601 16.000000
8 1601 16.000000
8 1601 16.050000
8 1601 16.090000
8 1601 16.150000
