[1] "Macaca_fascicularis_SRA_kmers52_pm090_fs0.0025.dat"
[1] "Dimension du tableau:" "39893"                 "2"                    
[1] "Nombre de familles:" "709"                
[1] "Nombre de famille de taille < 100:" "667"                               
[1] "Nombre de famille de taille > 100:" "42"                                
[1] "Petites familles: cluster associé au nombre de séquences:"
    NumCluster NbSeq
3           11     2
46          69     2
52          75     2
60          85     2
65          92     2
141        176     2
168        205     2
188        225     2
195        232     2
208        245     2
225        262     2
229        266     2
234        271     2
241        278     2
253        290     2
254        291     2
279        317     2
285        323     2
294        332     2
296        334     2
297        335     2
298        336     2
300        338     2
301        339     2
304        342     2
307        345     2
309        347     2
311        349     2
312        350     2
322        360     2
338        378     2
347        387     2
369        411     2
372        414     2
375        417     2
377        419     2
379        421     2
381        423     2
383        425     2
384        426     2
385        427     2
392        434     2
407        449     2
411        453     2
414        456     2
415        457     2
416        458     2
420        462     2
433        475     2
436        478     2
440        482     2
448        490     2
451        493     2
464        506     2
466        508     2
471        513     2
474        516     2
476        518     2
490        532     2
492        534     2
495        537     2
506        548     2
508        550     2
515        557     2
517        559     2
518        560     2
529        571     2
530        572     2
531        573     2
532        574     2
533        575     2
534        576     2
535        577     2
537        579     2
538        580     2
546        588     2
550        592     2
551        593     2
554        596     2
555        597     2
556        598     2
558        600     2
560        602     2
571        613     2
572        614     2
575        617     2
578        620     2
580        622     2
582        624     2
587        629     2
589        631     2
598        640     2
601        643     2
603        645     2
607        649     2
609        651     2
610        652     2
611        653     2
612        654     2
616        658     2
617        659     2
618        660     2
619        661     2
620        662     2
623        665     2
625        667     2
626        668     2
627        669     2
628        670     2
629        671     2
630        672     2
631        673     2
634        676     2
635        677     2
638        680     2
639        681     2
642        684     2
643        685     2
644        686     2
645        687     2
646        688     2
647        689     2
651        693     2
652        694     2
653        695     2
654        696     2
655        697     2
658        700     2
659        701     2
660        702     2
661        703     2
663        705     2
664        706     2
665        707     2
667        709     2
5           15     3
18          39     3
64          91     3
77         107     3
113        145     3
118        151     3
121        155     3
127        162     3
130        165     3
138        173     3
167        204     3
169        206     3
170        207     3
175        212     3
181        218     3
182        219     3
184        221     3
185        222     3
186        223     3
189        226     3
190        227     3
199        236     3
203        240     3
213        250     3
214        251     3
216        253     3
231        268     3
236        273     3
237        274     3
238        275     3
239        276     3
240        277     3
246        283     3
249        286     3
250        287     3
252        289     3
256        294     3
263        301     3
264        302     3
277        315     3
299        337     3
303        341     3
306        344     3
310        348     3
319        357     3
321        359     3
324        362     3
329        369     3
340        380     3
341        381     3
345        385     3
351        392     3
352        393     3
353        394     3
361        403     3
364        406     3
366        408     3
374        416     3
376        418     3
380        422     3
387        429     3
390        432     3
391        433     3
402        444     3
403        445     3
421        463     3
423        465     3
425        467     3
429        471     3
430        472     3
431        473     3
434        476     3
435        477     3
439        481     3
442        484     3
450        492     3
456        498     3
457        499     3
461        503     3
465        507     3
470        512     3
472        514     3
478        520     3
479        521     3
481        523     3
483        525     3
486        528     3
489        531     3
491        533     3
493        535     3
496        538     3
497        539     3
498        540     3
500        542     3
503        545     3
505        547     3
507        549     3
509        551     3
510        552     3
513        555     3
514        556     3
527        569     3
528        570     3
536        578     3
540        582     3
543        585     3
544        586     3
547        589     3
548        590     3
549        591     3
552        594     3
557        599     3
559        601     3
562        604     3
564        606     3
566        608     3
567        609     3
568        610     3
569        611     3
573        615     3
576        618     3
585        627     3
588        630     3
592        634     3
593        635     3
596        638     3
597        639     3
604        646     3
606        648     3
615        657     3
621        663     3
624        666     3
632        674     3
633        675     3
636        678     3
637        679     3
641        683     3
649        691     3
657        699     3
662        704     3
30          52     4
31          53     4
50          73     4
51          74     4
73         101     4
81         111     4
93         124     4
95         126     4
96         127     4
97         128     4
108        140     4
111        143     4
116        149     4
122        156     4
123        157     4
131        166     4
140        175     4
165        201     4
173        210     4
174        211     4
176        213     4
177        214     4
183        220     4
191        228     4
200        237     4
217        254     4
219        256     4
242        279     4
243        280     4
244        281     4
245        282     4
257        295     4
258        296     4
262        300     4
267        305     4
268        306     4
271        309     4
272        310     4
273        311     4
274        312     4
291        329     4
292        330     4
313        351     4
314        352     4
316        354     4
317        355     4
320        358     4
325        364     4
327        367     4
331        371     4
337        377     4
343        383     4
346        386     4
355        397     4
358        400     4
359        401     4
360        402     4
362        404     4
367        409     4
368        410     4
388        430     4
389        431     4
401        443     4
406        448     4
410        452     4
419        461     4
422        464     4
443        485     4
446        488     4
447        489     4
453        495     4
454        496     4
459        501     4
467        509     4
468        510     4
469        511     4
475        517     4
482        524     4
484        526     4
488        530     4
504        546     4
512        554     4
525        567     4
542        584     4
553        595     4
577        619     4
584        626     4
595        637     4
600        642     4
602        644     4
608        650     4
648        690     4
29          51     5
43          66     5
57          81     5
84         114     5
89         120     5
92         123     5
104        136     5
112        144     5
126        161     5
128        163     5
132        167     5
136        171     5
139        174     5
146        181     5
155        191     5
157        193     5
164        200     5
172        209     5
178        215     5
179        216     5
196        233     5
206        243     5
209        246     5
230        267     5
232        269     5
235        272     5
248        285     5
275        313     5
281        319     5
286        324     5
289        327     5
315        353     5
326        365     5
342        382     5
356        398     5
363        405     5
394        436     5
396        438     5
408        450     5
413        455     5
426        468     5
427        469     5
438        480     5
441        483     5
444        486     5
452        494     5
460        502     5
487        529     5
516        558     5
519        561     5
523        565     5
574        616     5
640        682     5
650        692     5
2           10     6
6           16     6
10          26     6
11          28     6
33          55     6
45          68     6
61          86     6
62          88     6
78         108     6
82         112     6
91         122     6
114        146     6
129        164     6
144        179     6
180        217     6
202        239     6
211        248     6
212        249     6
222        259     6
223        260     6
261        299     6
265        303     6
278        316     6
280        318     6
283        321     6
333        373     6
335        375     6
344        384     6
349        389     6
350        391     6
405        447     6
477        519     6
480        522     6
485        527     6
511        553     6
521        563     6
561        603     6
581        623     6
15          36     7
28          50     7
37          59     7
38          60     7
41          64     7
54          77     7
72         100     7
75         105     7
80         110     7
102        134     7
124        159     7
134        169     7
156        192     7
159        195     7
160        196     7
163        199     7
215        252     7
220        257     7
221        258     7
247        284     7
259        297     7
260        298     7
270        308     7
295        333     7
318        356     7
323        361     7
328        368     7
393        435     7
395        437     7
417        459     7
432        474     7
502        544     7
522        564     7
545        587     7
565        607     7
599        641     7
605        647     7
622        664     7
666        708     7
13          32     8
14          33     8
32          54     8
42          65     8
59          84     8
98         129     8
105        137     8
115        148     8
133        168     8
143        178     8
150        185     8
151        186     8
154        190     8
194        231     8
276        314     8
302        340     8
308        346     8
348        388     8
354        396     8
365        407     8
382        424     8
400        442     8
455        497     8
473        515     8
494        536     8
501        543     8
539        581     8
570        612     8
40          63     9
48          71     9
90         121     9
109        141     9
158        194     9
161        197     9
166        203     9
224        261     9
228        265     9
373        415     9
27          49    10
34          56    10
88         119    10
101        133    10
149        184    10
193        230    10
227        264    10
284        322    10
334        374    10
371        413    10
458        500    10
499        541    10
563        605    10
590        632    10
594        636    10
614        656    10
16          37    11
19          41    11
35          57    11
47          70    11
53          76    11
70          98    11
106        138    11
117        150    11
187        224    11
192        229    11
207        244    11
266        304    11
424        466    11
524        566    11
4           14    12
120        154    12
233        270    12
255        293    12
290        328    12
378        420    12
404        446    12
86         117    13
153        188    13
201        238    13
269        307    13
463        505    13
24          46    14
49          72    14
100        132    14
137        172    14
226        263    14
251        288    14
282        320    14
370        412    14
591        633    14
22          44    15
330        370    15
58          83    16
152        187    16
339        379    16
7           18    17
56          80    17
68          96    17
147        182    17
428        470    17
445        487    17
17          38    18
399        441    18
412        454    18
437        479    18
579        621    18
119        153    19
386        428    19
125        160    20
142        177    20
171        208    20
398        440    20
418        460    20
613        655    20
12          31    21
99         131    21
449        491    21
25          47    23
55          78    23
67          95    24
94         125    24
409        451    24
586        628    24
332        372    26
26          48    27
63          89    27
135        170    27
145        180    27
541        583    27
520        562    28
76         106    30
66          94    31
197        234    31
107        139    32
526        568    32
36          58    35
21          43    36
656        698    36
39          62    37
103        135    37
9           25    39
20          42    41
218        255    41
357        399    42
583        625    42
288        326    45
74         104    46
287        325    46
23          45    47
110        142    47
305        343    51
336        376    56
198        235    57
8           24    58
397        439    60
462        504    63
69          97    68
162        198    73
87         118    74
79         109    76
83         113    79
205        242    81
210        247    81
293        331    82
71          99    83
85         116    84
44          67    86
148        183    86
204        241    88
1            6    94
[1] "Nombre total de séquences dans les petites familles:"
[2] "5807"                                                
[1] "Pourcentage de séquences dans les petites familles:"
[2] "14.556438472915"                                    
[1] "Pourcentage de séquences dans les grandes familles:"
[2] "85.443561527085"                                    
null device 
          1 
