[1] "Chlorocebus_sabaeus.kmers52_pm090_fs0.0034.dat"
[1] "Dimension du tableau:" "29842"                 "2"                    
[1] "Nombre de familles:" "338"                
[1] "Nombre de famille de taille < 100:" "294"                               
[1] "Nombre de famille de taille > 100:" "44"                                
[1] "Petites familles: cluster associé au nombre de séquences:"
    NumCluster NbSeq
13          48     2
18          54     2
39          80     2
50          91     2
65         106     2
72         113     2
87         130     2
89         132     2
93         136     2
98         141     2
102        145     2
107        150     2
117        160     2
118        161     2
120        163     2
121        165     2
123        167     2
129        173     2
140        184     2
145        189     2
155        199     2
160        204     2
162        206     2
167        211     2
172        216     2
186        230     2
187        231     2
188        232     2
192        236     2
197        241     2
200        244     2
204        248     2
207        251     2
212        256     2
213        257     2
218        262     2
223        267     2
226        270     2
231        275     2
235        279     2
236        280     2
240        284     2
241        285     2
245        289     2
248        292     2
253        297     2
254        298     2
255        299     2
256        300     2
257        301     2
258        302     2
259        303     2
260        304     2
264        308     2
267        311     2
274        318     2
281        325     2
282        326     2
283        327     2
284        328     2
285        329     2
289        333     2
294        338     2
43          84     3
68         109     3
69         110     3
79         120     3
95         138     3
99         142     3
100        143     3
101        144     3
113        156     3
125        169     3
134        178     3
150        194     3
153        197     3
157        201     3
158        202     3
159        203     3
165        209     3
166        210     3
169        213     3
176        220     3
194        238     3
195        239     3
198        242     3
201        245     3
202        246     3
205        249     3
206        250     3
208        252     3
209        253     3
210        254     3
211        255     3
227        271     3
228        272     3
232        276     3
233        277     3
234        278     3
239        283     3
249        293     3
251        295     3
269        313     3
270        314     3
271        315     3
276        320     3
278        322     3
280        324     3
287        331     3
290        334     3
293        337     3
35          76     4
44          85     4
58          99     4
70         111     4
71         112     4
119        162     4
130        174     4
136        180     4
141        185     4
142        186     4
143        187     4
149        193     4
151        195     4
161        205     4
164        208     4
182        226     4
191        235     4
196        240     4
199        243     4
216        260     4
220        264     4
230        274     4
238        282     4
250        294     4
265        309     4
273        317     4
277        321     4
292        336     4
46          87     5
63         104     5
111        154     5
124        168     5
131        175     5
137        181     5
152        196     5
168        212     5
189        233     5
203        247     5
224        268     5
229        273     5
237        281     5
242        286     5
266        310     5
272        316     5
279        323     5
288        332     5
291        335     5
76         117     6
133        177     6
144        188     6
170        214     6
184        228     6
190        234     6
214        258     6
243        287     6
41          82     7
85         128     7
92         135     7
112        155     7
127        171     7
185        229     7
262        306     7
275        319     7
286        330     7
40          81     8
47          88     8
81         122     8
88         131     8
94         137     8
106        149     8
110        153     8
116        159     8
139        183     8
154        198     8
217        261     8
225        269     8
34          75     9
36          77     9
66         107     9
77         118     9
78         119     9
91         134     9
104        147     9
122        166     9
135        179     9
175        219     9
180        224     9
247        291     9
97         140    10
128        172    10
147        191    10
148        192    10
221        265    10
222        266    10
17          53    11
48          89    11
75         116    11
82         123    11
108        151    11
178        222    11
246        290    11
12          47    12
31          72    12
42          83    12
73         114    12
105        148    12
126        170    12
132        176    12
174        218    12
219        263    12
268        312    12
183        227    13
215        259    13
244        288    13
103        146    14
109        152    14
115        158    14
179        223    14
181        225    14
1           15    15
23          62    15
59         100    15
74         115    15
114        157    15
177        221    15
38          79    16
64         105    16
171        215    16
14          50    17
24          63    17
30          71    17
51          92    17
146        190    17
163        207    17
252        296    17
84         127    18
90         133    18
96         139    18
261        305    18
33          74    19
138        182    19
193        237    19
57          98    20
62         103    20
10          44    21
16          52    21
56          97    21
263        307    21
49          90    22
15          51    23
86         129    23
20          58    24
55          96    24
67         108    24
156        200    24
9           43    25
173        217    27
37          78    30
8           36    31
3           22    32
80         121    32
28          67    33
45          86    34
19          56    37
83         126    37
61         102    39
7           31    40
53          94    41
52          93    44
54          95    45
60         101    46
4           25    51
27          66    54
6           30    55
11          46    60
32          73    69
5           29    72
29          68    72
22          60    73
2           21    82
21          59    84
26          65    84
25          64    89
[1] "Nombre total de séquences dans les petites familles:"
[2] "3250"                                                
[1] "Pourcentage de séquences dans les petites familles:"
[2] "10.8906909724549"                                   
[1] "Pourcentage de séquences dans les grandes familles:"
[2] "89.1093090275451"                                   
null device 
          1 
