[1] "Cercopithecus_solatus_kmers52_pm095_lda75000_fs0.00095.dat"
[1] "Dimension du tableau:" "105529"                "2"                    
[1] "Nombre de familles:" "302"                
[1] "Nombre de famille de taille < 100:" "298"                               
[1] "Nombre de famille de taille > 100:" "4"                                 
[1] "Petites familles: cluster associé au nombre de séquences:"
    NumCluster NbSeq
12          15     2
20          23     2
25          28     2
29          32     2
35          38     2
37          40     2
44          47     2
51          54     2
60          63     2
62          65     2
73          76     2
81          84     2
92          95     2
94          97     2
96          99     2
106        109     2
130        134     2
131        135     2
132        136     2
133        137     2
134        138     2
139        143     2
148        152     2
149        153     2
153        157     2
157        161     2
160        164     2
162        166     2
164        168     2
168        172     2
169        173     2
170        174     2
174        178     2
180        184     2
182        186     2
186        190     2
187        191     2
190        194     2
194        198     2
196        200     2
197        201     2
199        203     2
202        206     2
203        207     2
206        210     2
216        220     2
219        223     2
225        229     2
226        230     2
227        231     2
229        233     2
231        235     2
233        237     2
234        238     2
236        240     2
245        249     2
246        250     2
252        256     2
259        263     2
266        270     2
268        272     2
274        278     2
275        279     2
276        280     2
287        291     2
289        293     2
294        298     2
297        301     2
3            5     3
17          20     3
71          74     3
79          82     3
88          91     3
99         102     3
102        105     3
107        110     3
109        112     3
111        114     3
118        121     3
119        122     3
127        131     3
129        133     3
135        139     3
138        142     3
142        146     3
152        156     3
154        158     3
155        159     3
158        162     3
176        180     3
181        185     3
201        205     3
205        209     3
207        211     3
212        216     3
213        217     3
228        232     3
232        236     3
238        242     3
240        244     3
244        248     3
251        255     3
254        258     3
256        260     3
258        262     3
260        264     3
267        271     3
270        274     3
277        281     3
278        282     3
285        289     3
288        292     3
295        299     3
296        300     3
298        302     3
9           12     4
32          35     4
39          42     4
43          46     4
55          58     4
59          62     4
66          69     4
72          75     4
75          78     4
98         101     4
100        103     4
110        113     4
113        116     4
120        123     4
121        125     4
146        150     4
151        155     4
159        163     4
166        170     4
167        171     4
173        177     4
178        182     4
179        183     4
183        187     4
185        189     4
195        199     4
208        212     4
215        219     4
222        226     4
263        267     4
10          13     5
38          41     5
69          72     5
86          89     5
103        106     5
163        167     5
191        195     5
192        196     5
193        197     5
211        215     5
218        222     5
221        225     5
235        239     5
265        269     5
15          18     6
27          30     6
34          37     6
42          45     6
47          50     6
54          57     6
58          61     6
64          67     6
68          71     6
84          87     6
93          96     6
124        128     6
137        141     6
145        149     6
156        160     6
161        165     6
175        179     6
210        214     6
250        254     6
257        261     6
279        283     6
286        290     6
19          22     7
56          59     7
76          79     7
101        104     7
114        117     7
115        118     7
117        120     7
128        132     7
150        154     7
189        193     7
224        228     7
273        277     7
283        287     7
23          26     8
33          36     8
50          53     8
61          64     8
80          83     8
126        130     8
172        176     8
198        202     8
230        234     8
253        257     8
269        273     8
271        275     8
281        285     8
282        286     8
290        294     8
292        296     8
22          25     9
31          34     9
91          94     9
105        108     9
116        119     9
209        213     9
223        227     9
241        245     9
242        246     9
243        247     9
284        288     9
11          14    10
26          29    10
63          66    10
67          70    10
90          93    10
112        115    10
165        169    10
188        192    10
200        204    10
220        224    10
36          39    11
41          44    11
140        144    11
272        276    11
280        284    11
57          60    12
78          81    12
247        251    12
204        208    13
237        241    13
53          56    14
70          73    14
82          85    14
104        107    14
147        151    14
171        175    14
184        188    14
261        265    14
293        297    14
141        145    15
239        243    15
249        253    15
95          98    16
5            7    17
125        129    17
143        147    17
177        181    17
264        268    17
28          31    18
30          33    18
18          21    19
46          49    19
255        259    19
262        266    19
74          77    20
123        127    20
144        148    20
248        252    20
83          86    21
85          88    21
97         100    21
40          43    22
45          48    22
108        111    22
136        140    22
52          55    23
122        126    24
214        218    24
24          27    25
77          80    27
48          51    28
49          52    28
217        221    28
8           11    29
89          92    30
4            6    31
87          90    34
65          68    35
6            9    39
7           10    39
291        295    40
21          24    42
13          16    61
2            4    64
16          19    75
1            3    82
14          17    83
[1] "Nombre total de séquences dans les petites familles:"
[2] "2640"                                                
[1] "Pourcentage de séquences dans les petites familles:"
[2] "2.50168200210369"                                   
[1] "Pourcentage de séquences dans les grandes familles:"
[2] "97.4983179978963"                                   
null device 
          1 
