[1] "Cercopithecus_pogonias_kmers52.pm090_lda75000_fs000089.dat"
[1] "Dimension du tableau:" "112902"                "2"                    
[1] "Nombre de familles:" "169"                
[1] "Nombre de famille de taille < 100:" "155"                               
[1] "Nombre de famille de taille > 100:" "14"                                
[1] "Petites familles: cluster associé au nombre de séquences:"
    NumCluster NbSeq
22          31     2
24          33     2
25          34     2
66          79     2
74          87     2
75          89     2
76          90     2
81          95     2
85          99     2
95         109     2
97         111     2
99         113     2
105        119     2
106        120     2
108        122     2
110        124     2
115        129     2
116        130     2
117        131     2
118        132     2
120        134     2
124        138     2
131        145     2
139        153     2
143        157     2
147        161     2
151        165     2
152        166     2
153        167     2
155        169     2
6           10     3
23          32     3
56          68     3
58          71     3
59          72     3
64          77     3
67          80     3
70          83     3
73          86     3
78          92     3
83          97     3
91         105     3
94         108     3
96         110     3
103        117     3
109        123     3
113        127     3
114        128     3
130        144     3
132        146     3
133        147     3
135        149     3
137        151     3
138        152     3
141        155     3
146        160     3
149        163     3
150        164     3
15          22     4
43          55     4
46          58     4
47          59     4
51          63     4
88         102     4
93         107     4
104        118     4
111        125     4
128        142     4
154        168     4
7           12     5
42          54     5
65          78     5
82          96     5
89         103     5
102        116     5
107        121     5
129        143     5
134        148     5
136        150     5
140        154     5
145        159     5
148        162     5
17          25     6
49          61     6
61          74     6
84          98     6
112        126     6
127        141     6
20          28     7
21          30     7
40          52     7
44          56     7
50          62     7
54          66     7
63          76     7
86         100     7
90         104     7
98         112     7
126        140     7
4            8     8
12          19     8
29          40     8
60          73     8
92         106     8
122        136     8
33          44     9
62          75     9
121        135     9
144        158     9
11          18    10
55          67    10
3            7    11
14          21    11
45          57    11
87         101    11
119        133    11
125        139    11
5            9    12
53          65    12
57          70    12
79          93    12
1            4    14
13          20    14
80          94    14
36          47    15
41          53    15
35          46    16
52          64    16
68          81    17
72          85    17
142        156    17
28          39    18
32          43    19
27          38    20
39          50    20
77          91    20
31          42    21
71          84    27
18          26    28
123        137    28
34          45    30
69          82    31
16          23    34
48          60    37
26          35    45
30          41    54
101        115    55
9           15    60
38          49    64
19          27    72
2            5    81
8           14    82
10          16    82
100        114    86
37          48    96
[1] "Nombre total de séquences dans les petites familles:"
[2] "1849"                                                
[1] "Pourcentage de séquences dans les petites familles:"
[2] "1.63770349506652"                                   
[1] "Pourcentage de séquences dans les grandes familles:"
[2] "98.3622965049335"                                   
null device 
          1 
