[1] "Macaca_fascicularis_kmers52_pm095_lda75000_fs0.00051.dat"
[1] "Dimension du tableau:" "195642"                "2"                    
[1] "Nombre de familles:" "167"                
[1] "Nombre de famille de taille < 100:" "113"                               
[1] "Nombre de famille de taille > 100:" "54"                                
[1] "Petites familles: cluster associé au nombre de séquences:"
    NumCluster NbSeq
44          96     2
46          98     2
57         109     2
73         127     2
74         128     2
82         136     2
88         142     2
93         147     2
95         149     2
99         153     2
101        155     2
103        157     2
107        161     2
108        162     2
110        164     2
113        167     2
14          57     3
29          76     3
37          89     3
45          97     3
48         100     3
72         126     3
77         131     3
84         138     3
86         140     3
94         148     3
98         152     3
109        163     3
112        166     3
3           18     4
9           49     4
65         119     4
68         122     4
81         135     4
92         146     4
102        156     4
111        165     4
42          94     5
76         130     5
83         137     5
89         143     5
90         144     5
39          91     6
52         104     6
70         124     6
71         125     6
20          65     7
32          80     7
79         133     7
87         141     7
91         145     7
56         108     8
75         129     8
100        154     8
12          54     9
69         123     9
61         115    10
67         121    10
23          70    11
78         132    11
51         103    12
17          62    13
47          99    13
66         120    13
19          64    14
31          78    15
35          86    17
54         106    17
64         118    17
105        159    17
26          73    18
38          90    19
43          95    19
97         151    19
18          63    21
27          74    21
55         107    22
59         111    22
96         150    22
11          53    23
50         102    23
85         139    24
30          77    26
10          51    28
36          88    29
1           15    33
5           27    35
6           32    37
2           17    38
13          56    40
80         134    40
28          75    41
33          81    42
15          59    43
22          68    46
58         110    46
41          93    47
53         105    50
60         113    55
25          72    57
63         117    65
34          83    70
7           47    72
104        158    72
62         116    74
21          67    76
16          60    78
40          92    78
106        160    81
4           26    83
49         101    93
24          71    94
8           48    96
[1] "Nombre total de séquences dans les petites familles:"
[2] "2437"                                                
[1] "Pourcentage de séquences dans les petites familles:"
[2] "1.24564255119044"                                   
[1] "Pourcentage de séquences dans les grandes familles:"
[2] "98.7543574488096"                                   
null device 
          1 
